0.0006615   0.0008814   0.0011421   0.0013889   0.0016885   0.00193189
  0.0021695   0.0032269   0.00364101  0.0026932   0.0028083   0.0029563
  0.0030702   0.0032371   0.00336879  0.00349989  0.0036291   0.0037708
  0.0039649   0.0040759   0.0042017   0.0043702   0.0044953   0.0046744
  0.00475091  0.0048725   0.00500261  0.00518509  0.00528491  0.0054611
  0.0081212   0.0057701   0.0058591   0.00604299  0.0061571   0.0063009
  0.00642531  0.0065814   0.0067198   0.0069447   0.0070032   0.00711989
  0.00756229  0.00751021  0.0087803   0.00832009  0.0078425   0.0080134
  0.00807681  0.0082186   0.00843811  0.0085562   0.00869969  0.0088236
  0.0089396   0.0090623   0.0112797   0.0094339   0.0096645   0.0097345
  0.00981619  0.0099723   0.0100858   0.0102435   0.0104501   0.0105497
  0.0127067   0.0108881   0.01101919  0.0111016   0.0112741   0.0113427
  0.01202389  0.0116756   0.01319799  0.0119526   0.0120531   0.0122797
  0.01243501  0.0125121   0.0129601   0.0131276   0.0144685   0.0131523
  0.0131828   0.0133566   0.01368769  0.0136929   0.0137764   0.0154649
  0.01411151  0.0141812   0.0143481   0.0144918   0.0146662   0.01476511
  0.017223    0.0150726   0.0151662 
