=========node: 16 ==============
7.41505622864
18.4350013733
21.1449861526
25.1569747925
32.0639610291
41.5340662003
44.6629524231
54.1520118713
60.4979991913
66.731095314
68.5039758682
81.1450481415
84.9318504333
93.5750007629
103.343963623
100.937008858
113.587975502
113.150954247
126.398921013
128.556013107
134.2420578
152.900934219
150.609016418
160.133004189
159.966945648
173.030972481
177.438020706
174.30305481
183.403968811
200.124025345
206.944942474
212.980985641
220.010995865
217.465996742
239.449977875
256.809949875
234.987974167
241.570949554
258.809924126
268.144011497
259.359002113
278.417944908
274.262905121
293.401002884
300.204992294
309.094071388
289.512991905
306.244969368
316.037893295
320.770025253
339.470028877
358.169913292
=========node: 14 ==============
7.9300403595
16.0019397736
23.6860513687
30.8980941772
36.1748933792
50.7919788361
56.410074234
64.1471147537
71.1779594421
77.556014061
83.515048027
93.7660932541
103.438138962
106.99403286
115.401029587
117.186069489
123.278141022
137.499094009
137.842059135
146.049022675
160.585999489
161.604881287
174.608945847
180.843949318
189.27192688
189.738035202
209.363937378
204.898118973
204.80298996
216.35890007
220.688939095
252.211928368
239.005923271
247.249126434
280.694007874
256.576061249
263.428092003
270.007967949
280.986070633
286.815166473
289.860963821
337.349057198
328.18198204
322.844028473
325.574040413
368.226051331
331.49600029
381.987094879
345.199942589
356.937050819
401.731014252
375.724077225
=========node: 12 ==============
9.40001010895
22.0029354095
31.0049057007
33.6118936539
44.6280241013
56.1211109161
63.325881958
69.7700977325
81.0480117798
84.2089653015
93.8119888306
103.585004807
115.652084351
117.014050484
132.811069489
135.121941566
143.905997276
160.097002983
160.261154175
166.959047318
183.669090271
182.278037071
189.87596035
202.839970589
229.665994644
218.407034874
239.966034889
237.169027328
239.662051201
275.620937347
260.505914688
269.677996635
279.995083809
302.5649786
308.310985565
321.168065071
305.57012558
317.745923996
344.745993614
343.209028244
346.925020218
345.307946205
362.334012985
362.338066101
378.164052963
391.078948975
416.728973389
395.576000214
432.219982147
410.314917564
459.696054459
476.152062416
=========node: 10 ==============
12.284040451
20.6010341644
30.1079750061
40.2390956879
53.9469718933
63.0578994751
74.9529600143
85.2389335632
91.5739536285
99.5129346848
112.151026726
128.530025482
139.447927475
143.893003464
164.779067039
164.112091064
170.047044754
191.920995712
191.646933556
215.058922768
231.390953064
222.68819809
227.44512558
264.716029167
247.167110443
259.985089302
271.58498764
281.895875931
310.320973396
331.712007523
345.065832138
315.555930138
326.346993446
361.279010773
386.069059372
378.628015518
378.684043884
374.957919121
387.198209763
398.320913315
405.008077621
460.695981979
473.874926567
450.44195652
443.788051605
483.474969864
466.372013092
472.937941551
539.929032326
494.88902092
507.324934006
556.506037712
=========node: 8 ==============
17.550945282
30.7420492172
40.7381057739
50.4570007324
62.6720190048
77.2800445557
92.2420024872
99.5270013809
114.753961563
127.33900547
142.200946808
162.927031517
163.420915604
185.22298336
190.577983856
200.789928436
214.38896656
251.499176025
236.588001251
265.406966209
267.912983894
297.793865204
288.020014763
300.705075264
317.435026169
327.788949013
358.407974243
388.564944267
362.869977951
388.553977013
410.938978195
441.975951195
414.348006248
451.158046722
491.320133209
450.628995895
473.991036415
536.159038544
487.61510849
498.766899109
509.405970573
528.62405777
538.994073868
549.732923508
559.486985207
575.271010399
587.571978569
606.948971748
615.399956703
621.501088142
635.981917381
649.057030678
=========node: 6 ==============
16.9509649277
37.1509790421
57.8789710999
70.2409744263
88.1178379059
100.55398941
115.110039711
135.079145432
158.590078354
168.08795929
186.553955078
198.524951935
212.289094925
227.717995644
246.942043304
285.712003708
280.06696701
330.731987953
315.042972565
355.112910271
388.784050941
385.689020157
378.434062004
396.91400528
424.572944641
427.431941032
446.676015854
459.300041199
477.909088135
566.972017288
507.289886475
543.289065361
545.252084732
561.874032021
576.543927193
605.897903442
609.894990921
622.784972191
637.943029404
675.922989845
693.183064461
688.704967499
708.797931671
742.387056351
740.113973618
752.915143967
769.940137863
787.334918976
807.456970215
823.652029037
834.204912186
855.566978455
=========node: 4 ==============
25.7680416107
54.986000061
73.8730430603
97.7210998535
122.069001198
165.713071823
172.723054886
199.358940125
222.243070602
249.886035919
271.6319561
296.613931656
317.857980728
343.626022339
366.683959961
391.747951508
421.401977539
447.806954384
465.685963631
494.022846222
521.042943001
544.705986977
563.26007843
599.056005478
690.678119659
716.820001602
680.316925049
685.786008835
715.368032455
797.481060028
758.311033249
787.922024727
884.106993675
835.520029068
861.320972443
893.212080002
987.128019333
936.376094818
954.725027084
978.058934212
1009.46307182
1038.75505924
1189.33594227
1077.33595371
1114.7159338
1279.41906452
1156.77392483
1176.09202862
1195.82295418
1331.53700829
1246.81198597
1276.21400356
=========node: 2 ==============
51.9440174103
96.9920158386
148.530006409
197.808980942
243.348002434
293.977022171
346.130132675
393.130064011
442.245006561
490.814208984
539.047956467
584.32507515
641.025066376
688.853025436
750.334024429
780.225038528
832.012176514
883.590936661
929.129004478
976.379990578
1042.81008244
1090.36207199
1269.96195316
1185.10198593
1230.74293137
1268.13697815
1325.2530098
1496.87302113
1438.13598156
1484.4609499
1511.57402992
1568.25399399
1621.17600441
1662.24992275
1749.75991249
1757.64203072
1805.37199974
1877.22599506
1903.49602699
1965.77000618
2002.75588036
2055.88984489
2098.87802601
2224.48194027
2196.51508331
2251.72305107
2316.61701202
2447.43180275
2395.41399479
2438.49992752
2489.70293999
2535.20107269
