=========node: 16 ==============
115.29302597
200.638771057
286.379098892
395.977020264
515.020847321
605.447053909
770.481109619
792.599916458
895.984172821
992.781877518
1093.10793877
1181.7381382
1310.76908112
1400.34794807
1605.1170826
1596.6989994
1685.09888649
1770.07818222
2106.98390007
2009.71198082
2136.16394997
2326.51400566
2315.0100708
2692.50297546
2475.57592392
2657.49812126
2939.25094604
2907.84311295
3062.54196167
3050.80318451
3250.76603889
3204.44417
3338.42492104
3405.616045
3717.53501892
3910.47978401
4069.35405731
4094.77686882
3861.50789261
4285.55679321
4183.34102631
4480.3109169
4472.01704979
4635.93196869
4513.49306107
4906.13603592
4934.67593193
5134.70292091
5238.9819622
5102.88500786
5616.40906334
5191.93911552
=========node: 14 ==============
99.9739170074
187.978982925
300.452947617
405.112981796
500.085115433
590.438842773
689.674139023
790.163040161
930.022001266
1044.70491409
1095.34692764
1237.04004288
1412.88495064
1506.35695457
1573.84586334
1581.02488518
1774.76286888
1789.85095024
1906.00204468
2210.77799797
2090.4340744
2185.46509743
2460.33787727
2359.92479324
2521.49605751
2614.00508881
2685.25505066
3010.9770298
2943.66693497
2940.22703171
3480.20792007
3250.67400932
3535.49289703
3553.58290672
3557.29103088
3590.30294418
3668.31207275
3877.78997421
3954.50997353
4071.48504257
4435.11009216
4415.83800316
4380.99503517
4381.52384758
4456.00295067
4691.3588047
5031.92400932
5150.96902847
5245.52893639
5008.69107246
5060.40692329
5465.01207352
=========node: 12 ==============
109.939098358
205.914020538
286.270856857
401.429891586
495.286941528
615.926980972
715.034008026
790.193080902
895.009994507
997.096061707
1100.24499893
1276.23486519
1427.12283134
1550.74095726
1510.15591621
1693.58301163
1700.55985451
1789.85381126
2112.24102974
2022.42708206
2209.7530365
2300.00114441
2443.75896454
2396.41284943
2552.10804939
2810.01400948
2900.33102036
3084.65600014
2931.24294281
3095.09515762
3130.57613373
3245.08619308
3412.64605522
3425.89402199
3625.88191032
3607.17988014
4079.51712608
3815.84811211
3989.36295509
4197.22890854
4080.6760788
4354.19893265
4272.94421196
4828.89509201
4470.49617767
4607.25617409
4883.53610039
5298.50101471
4963.22321892
5513.46707344
5103.07002068
5326.30491257
=========node: 10 ==============
107.460975647
199.950933456
299.049139023
408.777952194
492.504835129
650.030851364
753.813028336
800.809144974
911.950111389
1010.37812233
1204.16498184
1192.22187996
1338.09304237
1493.23177338
1500.68902969
1596.75383568
1893.53585243
1805.34982681
1910.92801094
2073.24790955
2351.34005547
2318.70698929
2315.85097313
2415.4381752
2490.55290222
2815.97518921
2731.95505142
2820.06907463
2900.87604523
3174.08704758
3095.51715851
3285.56799889
3296.56600952
3501.36113167
3501.23000145
3622.05195427
3733.31689835
3822.36504555
3887.43901253
4035.28308868
4123.80194664
4602.43916512
4331.16793633
4450.3428936
4530.46798706
4625.91195107
4859.49087143
5073.27604294
4967.38600731
5677.85000801
5139.74618912
5205.19304276
=========node: 8 ==============
101.253032684
202.612876892
300.200939178
400.91085434
505.49197197
640.494823456
696.851015091
885.537862778
898.380041122
995.427131653
1096.48489952
1235.48603058
1293.22195053
1403.16200256
1496.21796608
1768.09310913
1787.53805161
1806.27799034
2017.04597473
2030.93194962
2098.42991829
2279.63018417
2302.78515816
2406.54993057
2695.59788704
2791.78905487
2688.80009651
2985.82291603
2910.20393372
2976.43589973
3120.13196945
3187.07609177
3360.73112488
3426.25904083
3529.9217701
3627.62403488
3840.75188637
3800.3821373
4330.41596413
4006.03890419
4093.44005585
4236.43493652
4352.63299942
4871.54507637
5016.51000977
4580.16109467
4678.42793465
4834.15198326
5244.79198456
5000.71787834
5193.28188896
5180.57608604
=========node: 6 ==============
100.280046463
191.159963608
300.544977188
391.433000565
496.895074844
585.7629776
682.070016861
785.038948059
890.486001968
978.292942047
1082.53192902
1186.69199944
1274.85918999
1522.95899391
1537.35494614
1575.47187805
1681.08892441
1751.76501274
2040.43507576
1956.635952
2060.05311012
2155.02691269
2267.27890968
2353.80005836
2447.01504707
2549.42202568
2656.042099
2765.68007469
2957.10897446
2922.43289948
3085.05296707
3155.01379967
3230.83615303
3448.28796387
3447.49212265
3522.30501175
3662.97006607
3757.98797607
4162.7509594
3921.27513885
4097.35202789
4560.546875
4270.4269886
4806.28800392
4591.86196327
4705.43813705
4621.53816223
4738.270998
4841.71104431
5097.92804718
5025.40612221
5724.40004349
=========node: 4 ==============
89.371919632
188.832998276
296.910047531
396.339178085
488.322973251
588.270902634
705.003023148
787.61100769
885.203123093
996.004104614
1095.80183029
1169.82507706
1267.12203026
1379.69493866
1481.15086555
1666.47315025
1676.51200294
1785.12883186
1858.13903809
1971.44913673
2055.47690392
2169.09098625
2263.73100281
2353.7530899
2472.40900993
2564.77499008
2676.45001411
2752.98500061
2865.71502686
2943.23992729
3031.18896484
3154.01816368
3290.30895233
3332.61919022
3458.96410942
3531.63790703
3628.35097313
3721.27985954
4311.86819077
3945.85204124
4099.42793846
4112.4420166
4231.77194595
4323.76503944
4405.2939415
4541.13698006
5009.02795792
4725.74806213
5409.47890282
4922.45292664
5001.56903267
5275.78401566
=========node: 2 ==============
98.151922226
192.4700737
292.551994324
395.091056824
488.132953644
598.013877869
681.63394928
780.915021896
884.582996368
979.328155518
1075.55603981
1173.16603661
1270.49994469
1375.64086914
1480.48591614
1586.19379997
1663.70201111
1761.17515564
1879.18305397
1953.9270401
2056.35786057
2152.7941227
2244.33898926
2373.51489067
2454.41794395
2632.16996193
2655.47299385
2740.82493782
2850.263834
2927.20603943
3041.42093658
3138.66901398
3221.92811966
3510.7178688
3526.83806419
3538.58089447
3633.65101814
3780.92813492
3841.90011024
3975.37994385
4017.43102074
4116.01305008
4215.321064
4342.49997139
4448.48704338
5328.17220688
4633.40187073
4899.15418625
4965.76786041
4957.88693428
4994.47607994
5135.05291939
